              precision    recall  f1-score   support

    airplane     0.8009    0.8570    0.8280      1000
  automobile     0.9129    0.9330    0.9228      1000
        bird     0.7824    0.6760    0.7253      1000
         cat     0.7328    0.5320    0.6165      1000
        deer     0.8080    0.7830    0.7953      1000
         dog     0.6950    0.7930    0.7408      1000
        frog     0.7355    0.9120    0.8143      1000
       horse     0.8758    0.8390    0.8570      1000
        ship     0.8630    0.9200    0.8906      1000
       truck     0.9184    0.8670    0.8920      1000

    accuracy                         0.8112     10000
   macro avg     0.8125    0.8112    0.8083     10000
weighted avg     0.8125    0.8112    0.8083     10000
